Receiver           gz_p_th     gz_p_solution       dGz/gz_p_th
    0          0,254999          0,254999       2,59053e-14
    1          0,256675          0,256675       2,59524e-14
    2          0,258366          0,258366       2,57826e-14
    3          0,260071          0,260071       2,60404e-14
    4          0,261792          0,261792       2,60813e-14
    5          0,263528          0,263528       2,63308e-14
    6          0,265279          0,265279       2,65755e-14
    7          0,267045          0,267045       2,63997e-14
    8          0,268828          0,268828       2,64312e-14
    9          0,270626          0,270626       2,66658e-14
   10           0,27244           0,27244        2,6692e-14
   11           0,27427           0,27427       2,67163e-14
   12          0,276116          0,276116       2,69397e-14
   13          0,277979          0,277979       2,71586e-14
   14          0,279859          0,279859       2,69761e-14
   15          0,281756          0,281756       2,71886e-14
   16          0,283669          0,283669       2,72009e-14
   17            0,2856            0,2856       2,76001e-14
   18          0,287549          0,287549       2,76061e-14
   19          0,289515          0,289515       2,76104e-14
   20          0,291499          0,291499       2,78033e-14
   21          0,293501          0,293501       2,78028e-14
   22          0,295521          0,295521       2,79884e-14
   23           0,29756           0,29756       2,81697e-14
   24          0,299617          0,299617       2,81616e-14
   25          0,301694          0,301694       2,81518e-14
   26          0,303789          0,303789        2,8323e-14
   27          0,305904          0,305904       2,84901e-14
   28          0,308038          0,308038       2,88334e-14
   29          0,310193          0,310193       2,86331e-14
   30          0,312367          0,312367       2,87893e-14
   31          0,314561          0,314561       2,89414e-14
   32          0,316776          0,316776       2,90895e-14
   33          0,319012          0,319012       2,92336e-14
   34          0,321268          0,321268       2,90283e-14
   35          0,323546          0,323546       2,91671e-14
   36          0,325845          0,325845       2,96427e-14
   37          0,328166          0,328166       2,96022e-14
   38          0,330509          0,330509       2,95603e-14
   39          0,332874          0,332874       2,96838e-14
   40          0,335262          0,335262       2,98036e-14
   41          0,337672          0,337672        3,0084e-14
   42          0,340106          0,340106        3,0032e-14
   43          0,342562          0,342562       3,01407e-14
   44          0,345043          0,345043       3,04067e-14
   45          0,347547          0,347547       3,05071e-14
   46          0,350075          0,350075       3,07625e-14
   47          0,352627          0,352627       3,06972e-14
   48          0,355205          0,355205        3,0787e-14
   49          0,357807          0,357807       3,10285e-14
   50          0,360435          0,360435       3,11103e-14
   51          0,363088          0,363088       3,10359e-14
   52          0,365767          0,365767       3,11121e-14
   53          0,368473          0,368473        3,1185e-14
   54          0,371205          0,371205       3,15536e-14
   55          0,373964          0,373964       3,16177e-14
   56           0,37675           0,37675       3,16786e-14
   57          0,379564          0,379564       3,18825e-14
   58          0,382405          0,382405       3,19359e-14
   59          0,385275          0,385275       3,21303e-14
   60          0,388174          0,388174       3,20333e-14
   61          0,391101          0,391101       3,23613e-14
   62          0,394058          0,394058       3,24003e-14
   63          0,397044          0,397044        3,2576e-14
   64           0,40006           0,40006       3,24691e-14
   65          0,403107          0,403107       3,26368e-14
   66          0,406185          0,406185       3,27996e-14
   67          0,409293          0,409293       3,28217e-14
   68          0,412434          0,412434       3,31101e-14
   69          0,415606          0,415606       3,32581e-14
   70          0,418811          0,418811       3,34013e-14
   71          0,422048          0,422048       3,35396e-14
   72          0,425319          0,425319       3,34122e-14
   73          0,428623          0,428623       3,38022e-14
   74          0,431962          0,431962        3,3798e-14
   75          0,435334          0,435334       3,40462e-14
   76          0,438742          0,438742       3,41613e-14
   77          0,442185          0,442185       3,41464e-14
   78          0,445664          0,445664       3,43781e-14
   79           0,44918           0,44918       3,44798e-14
   80          0,452732          0,452732       3,45771e-14
   81          0,456321          0,456321       3,45484e-14
   82          0,459948          0,459948       3,48794e-14
   83          0,463614          0,463614       3,49629e-14
   84          0,467318          0,467318       3,51609e-14
   85          0,471061          0,471061        3,5235e-14
   86          0,474844          0,474844       3,54219e-14
   87          0,478667          0,478667       3,53709e-14
   88          0,482531          0,482531       3,55478e-14
   89          0,486437          0,486437        3,5833e-14
   90          0,490384          0,490384        3,5771e-14
   91          0,494374          0,494374       3,60437e-14
   92          0,498407          0,498407       3,61976e-14
   93          0,502484          0,502484       3,62353e-14
   94          0,506605          0,506605       3,63789e-14
   95           0,51077           0,51077       3,62996e-14
   96          0,514981          0,514981       3,66495e-14
   97          0,519238          0,519238       3,65628e-14
   98          0,523541          0,523541       3,68985e-14
   99          0,527892          0,527892        3,7015e-14
  100          0,532291          0,532291       3,71263e-14
  101          0,536738          0,536738       3,74392e-14
  102          0,541235          0,541235       3,73333e-14
  103          0,545781          0,545781       3,74291e-14
  104          0,550378          0,550378       3,77216e-14
  105          0,555027          0,555027       3,76057e-14
  106          0,559727          0,559727       3,80833e-14
  107           0,56448           0,56448       3,79594e-14
  108          0,569287          0,569287       3,82239e-14
  109          0,574147          0,574147       3,84804e-14
  110          0,579063          0,579063       3,83455e-14
  111          0,584035          0,584035       3,85894e-14
  112          0,589063          0,589063       3,90139e-14
  113          0,594148          0,594148       3,88668e-14
  114          0,599291          0,599291        3,9089e-14
  115          0,604494          0,604494       3,93036e-14
  116          0,609756          0,609756       3,93286e-14
  117          0,615079          0,615079       3,95297e-14
  118          0,620463          0,620463       3,95446e-14
  119           0,62591           0,62591       3,97326e-14
  120           0,63142           0,63142       3,99133e-14
  121          0,636994          0,636994       4,02612e-14
  122          0,642633          0,642633       4,00807e-14
  123          0,648338          0,648338       4,02417e-14
  124          0,654111          0,654111       4,07352e-14
  125          0,659951          0,659951        4,0543e-14
  126          0,665861          0,665861       4,08501e-14
  127           0,67184           0,67184        4,0817e-14
  128           0,67789           0,67789       4,11078e-14
  129          0,684013          0,684013       4,13891e-14
  130          0,690209          0,690209       4,13393e-14
  131          0,696478          0,696478       4,14454e-14
  132          0,702824          0,702824       4,17031e-14
  133          0,709245          0,709245       4,17951e-14
  134          0,715744          0,715744       4,18809e-14
  135          0,722322          0,722322       4,19606e-14
  136           0,72898           0,72898       4,21866e-14
  137          0,735719          0,735719       4,22529e-14
  138          0,742541          0,742541       4,26123e-14
  139          0,749446          0,749446       4,28122e-14
  140          0,756435          0,756435       4,27102e-14
  141          0,763511          0,763511       4,31868e-14
  142          0,770675          0,770675       4,32176e-14
  143          0,777927          0,777927       4,33855e-14
  144           0,78527           0,78527       4,35454e-14
  145          0,792704          0,792704       4,36972e-14
  146          0,800231          0,800231       4,38412e-14
  147          0,807852          0,807852       4,39773e-14
  148          0,815569          0,815569       4,39695e-14
  149          0,823384          0,823384       4,40916e-14
  150          0,831297          0,831297       4,44732e-14
  151          0,839311          0,839311       4,47099e-14
  152          0,847427          0,847427       4,46748e-14
  153          0,855647          0,855647       4,47646e-14
  154          0,863972          0,863972       4,51043e-14
  155          0,872403          0,872403       4,51774e-14
  156          0,880943          0,880943       4,53696e-14
  157          0,889594          0,889594       4,55524e-14
  158          0,898357          0,898357        4,5726e-14
  159          0,907233          0,907233       4,57681e-14
  160          0,916226          0,916226       4,60459e-14
  161          0,925336          0,925336       4,60725e-14
  162          0,934565          0,934565       4,63303e-14
  163          0,943916          0,943916       4,64595e-14
  164           0,95339           0,95339       4,66965e-14
  165          0,962989          0,962989       4,68074e-14
  166          0,972716          0,972716         4,691e-14
  167          0,982573          0,982573       4,71174e-14
  168          0,992561          0,992561       4,74263e-14
  169           1,00268           1,00268       4,73904e-14
  170           1,01294           1,01294       4,75681e-14
  171           1,02334           1,02334       4,77358e-14
  172           1,03387           1,03387       4,81084e-14
  173           1,04455           1,04455       4,84668e-14
  174           1,05538           1,05538         4,818e-14
  175           1,06635           1,06635       4,87254e-14
  176           1,07748           1,07748       4,86346e-14
  177           1,08875           1,08875       4,87427e-14
  178           1,10018           1,10018       4,88417e-14
  179           1,11177           1,11177       4,89318e-14
  180           1,12352           1,12352       4,92105e-14
  181           1,13543           1,13543       4,94765e-14
  182           1,14751           1,14751       4,95361e-14
  183           1,15976           1,15976       4,95873e-14
  184           1,17218           1,17218        5,0009e-14
  185           1,18478           1,18478       5,00396e-14
  186           1,19755           1,19755       5,02475e-14
  187           1,21051           1,21051       5,04435e-14
  188           1,22365           1,22365       5,06277e-14
  189           1,23697           1,23697       5,06208e-14
  190           1,25049           1,25049       5,09615e-14
  191            1,2642            1,2642       5,12869e-14
  192           1,27811           1,27811       5,10763e-14
  193           1,29222           1,29222       5,13777e-14
  194           1,30653           1,30653       5,14946e-14
  195           1,32106           1,32106        5,1937e-14
  196           1,33579           1,33579       5,18628e-14
  197           1,35074           1,35074       5,22751e-14
  198           1,36591           1,36591       5,23448e-14
  199           1,38131           1,38131       5,24044e-14
  200           1,39693           1,39693       5,26132e-14
  201           1,41278           1,41278       5,29658e-14
  202           1,42887           1,42887       5,31464e-14
  203            1,4452            1,4452       5,30068e-14
  204           1,46177           1,46177       5,33172e-14
  205            1,4786            1,4786       5,34614e-14
  206           1,49567           1,49567       5,37418e-14
  207           1,51301           1,51301        5,3713e-14
  208           1,53061           1,53061       5,41109e-14
  209           1,54848           1,54848       5,40602e-14
  210           1,56662           1,56662       5,42846e-14
  211           1,58503           1,58503       5,44943e-14
  212           1,60374           1,60374       5,45511e-14
  213           1,62273           1,62273       5,50074e-14
  214           1,64201           1,64201        5,4767e-14
  215            1,6616            1,6616       5,50569e-14
  216           1,68149           1,68149        5,5198e-14
  217           1,70169           1,70169       5,54561e-14
  218           1,72221           1,72221       5,55689e-14
  219           1,74305           1,74305       5,57962e-14
  220           1,76422           1,76422       5,60076e-14
  221           1,78573           1,78573       5,59547e-14
  222           1,80758           1,80758       5,63839e-14
  223           1,82978           1,82978       5,64279e-14
  224           1,85234           1,85234       5,65799e-14
  225           1,87526           1,87526       5,67173e-14
  226           1,89854           1,89854       5,69572e-14
  227           1,92221           1,92221         5,718e-14
  228           1,94626           1,94626       5,73861e-14
  229            1,9707            1,9707       5,74631e-14
  230           1,99555           1,99555       5,75266e-14
  231            2,0208            2,0208       5,77967e-14
  232           2,04647           2,04647       5,77228e-14
  233           2,07256           2,07256       5,80674e-14
  234           2,09908           2,09908       5,83915e-14
  235           2,12605           2,12605       5,82774e-14
  236           2,15347           2,15347       5,85666e-14
  237           2,18135           2,18135       5,86324e-14
  238            2,2097            2,2097       5,86841e-14
  239           2,23852           2,23852       5,89203e-14
  240           2,26784           2,26784       5,91378e-14
  241           2,29765           2,29765       5,93369e-14
  242           2,32797           2,32797       5,95178e-14
  243           2,35882           2,35882       5,98692e-14
  244           2,39019           2,39019       6,00123e-14
  245            2,4221            2,4221        5,9955e-14
  246           2,45457           2,45457       6,00666e-14
  247            2,4876            2,4876       6,03402e-14
  248           2,52121           2,52121       6,02404e-14
  249            2,5554            2,5554       6,06508e-14
  250            2,5902            2,5902       6,05218e-14
  251           2,62561           2,62561       6,05513e-14
  252           2,66164           2,66164       6,08995e-14
  253           2,69831           2,69831       6,08947e-14
  254           2,73564           2,73564       6,10378e-14
  255           2,77364           2,77364       6,13224e-14
  256           2,81231           2,81231       6,14265e-14
  257           2,85169           2,85169        6,1357e-14
  258           2,89177           2,89177       6,17351e-14
  259           2,93258           2,93258       6,16331e-14
  260           2,97414           2,97414       6,16679e-14
  261           3,01645           3,01645       6,19806e-14
  262           3,05954           3,05954       6,19786e-14
  263           3,10342           3,10342       6,22471e-14
  264           3,14811           3,14811       6,22098e-14
  265           3,19363           3,19363       6,22965e-14
  266           3,23999           3,23999       6,25016e-14
  267           3,28722           3,28722       6,26843e-14
  268           3,33534           3,33534        6,2579e-14
  269           3,38435           3,38435       6,29848e-14
  270            3,4343            3,4343        6,2974e-14
  271           3,48518           3,48518       6,29465e-14
  272           3,53703           3,53703       6,30282e-14
  273           3,58987           3,58987       6,30901e-14
  274           3,64372           3,64372       6,32546e-14
  275           3,69861           3,69861       6,32765e-14
  276           3,75455           3,75455       6,33983e-14
  277           3,81157           3,81157       6,33819e-14
  278           3,86969           3,86969        6,3348e-14
  279           3,92895           3,92895       6,34098e-14
  280           3,98936           3,98936       6,34514e-14
  281           4,05096           4,05096       6,38021e-14
  282           4,11377           4,11377       6,36917e-14
  283           4,17781           4,17781       6,37782e-14
  284           4,24313           4,24313       6,36338e-14
  285           4,30973           4,30973       6,36807e-14
  286           4,37767           4,37767       6,37069e-14
  287           4,44697           4,44697       6,37129e-14
  288           4,51765           4,51765        6,3699e-14
  289           4,58976           4,58976       6,36658e-14
  290           4,66332           4,66332       6,38043e-14
  291           4,73837           4,73837       6,39183e-14
  292           4,81495           4,81495       6,36396e-14
  293           4,89309           4,89309       6,37125e-14
  294           4,97282           4,97282       6,37625e-14
  295            5,0542            5,0542       6,36146e-14
  296           5,13725           5,13725       6,34506e-14
  297           5,22201           5,22201       6,32711e-14
  298           5,30853           5,30853       6,35784e-14
  299           5,39684           5,39684       6,33609e-14
  300             5,487             5,487        6,3291e-14
  301           5,57904           5,57904       6,33613e-14
  302           5,67301           5,67301       6,32511e-14
  303           5,76896           5,76896       6,31229e-14
  304           5,86693           5,86693       6,29771e-14
  305           5,96697           5,96697       6,29632e-14
  306           6,06913           6,06913       6,27814e-14
  307           6,17347           6,17347       6,24397e-14
  308           6,28003           6,28003       6,23702e-14
  309           6,38887           6,38887       6,22808e-14
  310           6,50005           6,50005        6,2172e-14
  311           6,61362           6,61362       6,19102e-14
  312           6,72963           6,72963       6,16348e-14
  313           6,84815           6,84815       6,17353e-14
  314           6,96924           6,96924       6,15548e-14
  315           7,09296           7,09296       6,11072e-14
  316           7,21937           7,21937       6,08984e-14
  317           7,34854           7,34854       6,07949e-14
  318           7,48054           7,48054       6,04345e-14
  319           7,61543           7,61543       6,01805e-14
  320           7,75327           7,75327       5,97978e-14
  321           7,89416           7,89416       5,96308e-14
  322           8,03814           8,03814       5,92256e-14
  323           8,18531           8,18531       5,90288e-14
  324           8,33574           8,33574       5,86029e-14
  325           8,48949           8,48949       5,85877e-14
  326           8,64666           8,64666       5,81391e-14
  327           8,80733           8,80733       5,76836e-14
  328           8,97156           8,97156       5,74196e-14
  329           9,13946           9,13946       5,69478e-14
  330           9,31111           9,31111       5,64704e-14
  331           9,48659           9,48659       5,59875e-14
  332           9,66599           9,66599       5,58673e-14
  333            9,8494            9,8494       5,50073e-14
  334           10,0369           10,0369       5,48645e-14
  335           10,2286           10,2286       5,41835e-14
  336           10,4247           10,4247       5,35055e-14
  337           10,6251           10,6251        5,3165e-14
  338             10,83             10,83       5,26512e-14
  339           11,0394           11,0394       5,21348e-14
  340           11,2536           11,2536       5,14583e-14
  341           11,4726           11,4726       5,09406e-14
  342           11,6965           11,6965       5,02694e-14
  343           11,9253           11,9253       4,99004e-14
  344           12,1593           12,1593       4,89402e-14
  345           12,3985           12,3985       4,82826e-14
  346            12,643            12,643       4,76298e-14
  347            12,893            12,893       4,67064e-14
  348           13,1485           13,1485       4,63393e-14
  349           13,4096           13,4096       4,54369e-14
  350           13,6765           13,6765       4,45502e-14
  351           13,9492           13,9492       4,39338e-14
  352            14,228            14,228       4,30731e-14
  353           14,5128           14,5128       4,23503e-14
  354           14,8038           14,8038       4,13978e-14
  355           15,1011           15,1011       4,05828e-14
  356           15,4047           15,4047       3,97827e-14
  357           15,7149           15,7149       3,86584e-14
  358           16,0317           16,0317       3,76729e-14
  359           16,3552           16,3552       3,67105e-14
  360           16,6855           16,6855       3,59838e-14
  361           17,0227           17,0227       3,48537e-14
  362           17,3668           17,3668       3,37539e-14
  363            17,718            17,718       3,26838e-14
  364           18,0763           18,0763       3,16429e-14
  365           18,4419           18,4419       3,06304e-14
  366           18,8146           18,8146        2,9457e-14
  367           19,1948           19,1948       2,85035e-14
  368           19,5823           19,5823       2,72138e-14
  369           19,9772           19,9772       2,61423e-14
  370           20,3796           20,3796       2,49288e-14
  371           20,7894           20,7894       2,37538e-14
  372           21,2067           21,2067       2,24487e-14
  373           21,6316           21,6316       2,13509e-14
  374           22,0638           22,0638       2,01275e-14
  375           22,5036           22,5036       1,89448e-14
  376           22,9507           22,9507       1,76469e-14
  377           23,4052           23,4052       1,63935e-14
  378            23,867            23,867        1,5332e-14
  379           24,3359           24,3359       1,38687e-14
  380            24,812            24,812       1,27435e-14
  381           25,2949           25,2949       1,10957e-14
  382           25,7847           25,7847       1,00582e-14
  383            26,281            26,281       8,65163e-15
  384           26,7838           26,7838       7,42807e-15
  385           27,2928           27,2928       6,11801e-15
  386           27,8077           27,8077       4,72712e-15
  387           28,3283           28,3283       3,38613e-15
  388           28,8543           28,8543       2,46252e-15
  389           29,3854           29,3854       9,67206e-16
  390           29,9211           29,9211       2,37472e-16
  391           30,4612           30,4612       1,39957e-15
  392           31,0052           31,0052       2,86461e-15
  393           31,5527           31,5527       4,05346e-15
  394           32,1032           32,1032       5,09061e-15
  395           32,6562           32,6562       6,52749e-15
  396           33,2112           33,2112       7,70209e-15
  397           33,7676           33,7676        8,8377e-15
  398           34,3249           34,3249       9,93624e-15
  399           34,8825           34,8825       1,09996e-14
  400           35,4397           35,4397       1,22301e-14
  401           35,9959           35,9959       1,32255e-14
  402           36,5504           36,5504       1,41913e-14
  403           37,1026           37,1026       1,51291e-14
  404           37,6517           37,6517       1,62295e-14
  405           38,1971           38,1971       1,71139e-14
  406           38,7379           38,7379        1,7792e-14
  407           39,2736           39,2736       1,86349e-14
  408           39,8033           39,8033        1,9458e-14
  409           40,3264           40,3264       2,02628e-14
  410           40,8421           40,8421       2,07028e-14
  411           41,3497           41,3497       2,14797e-14
  412           41,8485           41,8485       2,19028e-14
  413           42,3379           42,3379        2,2321e-14
  414           42,8171           42,8171       2,29009e-14
  415           43,2856           43,2856       2,31455e-14
  416           43,7428           43,7428       2,35533e-14
  417            44,188            44,188       2,37984e-14
  418           44,6209           44,6209       2,40452e-14
  419           45,0408           45,0408       2,42943e-14
  420           45,4474           45,4474        2,4077e-14
  421           45,8403           45,8403       2,40256e-14
  422           46,2191           46,2191       2,41362e-14
  423           46,5836           46,5836       2,37948e-14
  424           46,9334           46,9334       2,34661e-14
  425           47,2684           47,2684       2,32997e-14
  426           47,5885           47,5885       2,29937e-14
  427           47,8936           47,8936       2,25505e-14
  428           48,1837           48,1837       2,19724e-14
  429           48,4587           48,4587       2,14078e-14
  430           48,7187           48,7187       2,10018e-14
  431           48,9638           48,9638       2,03162e-14
  432           49,1942           49,1942       1,93544e-14
  433           49,4101           49,4101       1,85509e-14
  434           49,6115           49,6115       1,77594e-14
  435           49,7989           49,7989       1,66939e-14
  436           49,9723           49,9723       1,57828e-14
  437           50,1322           50,1322       1,47403e-14
  438           50,2787           50,2787       1,35668e-14
  439           50,4121           50,4121       1,24033e-14
  440           50,5328           50,5328         1,153e-14
  441            50,641            50,641       1,01023e-14
  442            50,737            50,737       9,10288e-15
  443            50,821            50,821       7,54989e-15
  444           50,8933           50,8933       6,42225e-15
  445           50,9541           50,9541       5,02011e-15
  446           51,0036           51,0036       3,62212e-15
  447           51,0419           51,0419       2,22732e-15
  448           51,0692           51,0692       8,34801e-16
  449           51,0855           51,0855       5,56356e-16
  450           51,0909           51,0909       1,94704e-15
  451           51,0855           51,0855       3,33813e-15
  452           51,0692           51,0692        4,5914e-15
  453           51,0419           51,0419       6,12514e-15
  454           51,0036           51,0036       7,38355e-15
  455           50,9541           50,9541       8,92465e-15
  456           50,8933           50,8933       1,00522e-14
  457            50,821            50,821       1,16045e-14
  458            50,737            50,737        1,2604e-14
  459            50,641            50,641       1,41713e-14
  460           50,5328           50,5328       1,51859e-14
  461           50,4121           50,4121       1,64908e-14
  462           50,2787           50,2787       1,78064e-14
  463           50,1322           50,1322       1,85671e-14
  464           49,9723           49,9723       1,94797e-14
  465           49,7989           49,7989       2,05463e-14
  466           49,6115           49,6115       2,14832e-14
  467           49,4101           49,4101        2,2146e-14
  468           49,1942           49,1942       2,29653e-14
  469           48,9638           48,9638       2,36539e-14
  470           48,7187           48,7187       2,43563e-14
  471           48,4587           48,4587       2,49269e-14
  472           48,1837           48,1837        2,5659e-14
  473           47,8936           47,8936       2,59627e-14
  474           47,5885           47,5885       2,62785e-14
  475           47,2684           47,2684       2,66068e-14
  476           46,9334           46,9334       2,69481e-14
  477           46,5836           46,5836        2,6998e-14
  478           46,2191           46,2191       2,70571e-14
  479           45,8403           45,8403       2,66607e-14
  480           45,4474           45,4474       2,68911e-14
  481           45,0408           45,0408       2,65029e-14
  482           44,6209           44,6209       2,64338e-14
  483            44,188            44,188       2,60496e-14
  484           43,7428           43,7428       2,53401e-14
  485           43,2856           43,2856       2,49511e-14
  486           42,8171           42,8171       2,45604e-14
  487           42,3379           42,3379       2,38314e-14
  488           41,8485           41,8485       2,30913e-14
  489           41,3497           41,3497       2,23389e-14
  490           40,8421           40,8421       2,15727e-14
  491           40,3264           40,3264        2,0439e-14
  492           39,8033           39,8033       1,96365e-14
  493           39,2736           39,2736        1,8454e-14
  494           38,7379           38,7379       1,74252e-14
  495           38,1971           38,1971       1,59977e-14
  496           37,6517           37,6517       1,49085e-14
  497           37,1026           37,1026        1,3597e-14
  498           36,5504           36,5504       1,22472e-14
  499           35,9959           35,9959       1,08568e-14
  500           35,4397           35,4397       9,62369e-15
  501           34,8825           34,8825       7,94415e-15
  502           34,3249           34,3249       6,62416e-15
  503           33,7676           33,7676       5,05011e-15
  504           33,2112           33,2112       3,42315e-15
  505           32,6562           32,6562       2,17583e-15
  506           32,1032           32,1032       4,42662e-16
  507           31,5527           31,5527       1,35115e-15
  508           31,0052           31,0052       2,97919e-15
  509           30,4612           30,4612       4,66523e-15
  510           29,9211           29,9211         6,293e-15
  511           29,3854           29,3854       7,97945e-15
  512           28,8543           28,8543       9,60382e-15
  513           28,3283           28,3283       1,15379e-14
  514           27,8077           27,8077       1,31593e-14
  515           27,2928           27,2928       1,49696e-14
  516           26,7838           26,7838       1,67132e-14
  517            26,281            26,281       1,83847e-14
  518           25,7847           25,7847       2,01165e-14
  519           25,2949           25,2949       2,20509e-14
  520            24,812            24,812       2,36256e-14
  521           24,3359           24,3359       2,54016e-14
  522            23,867            23,867       2,69427e-14
  523           23,4052           23,4052       2,88404e-14
  524           22,9507           22,9507       3,04951e-14
  525           22,5036           22,5036       3,22061e-14
  526           22,0638           22,0638       3,39752e-14
  527           21,6316           21,6316       3,54753e-14
  528           21,2067           21,2067       3,73587e-14
  529           20,7894           20,7894       3,87922e-14
  530           20,3796           20,3796       4,02696e-14
  531           19,9772           19,9772       4,19699e-14
  532           19,5823           19,5823       4,33606e-14
  533           19,1948           19,1948       4,51614e-14
  534           18,8146           18,8146       4,64514e-14
  535           18,4419           18,4419       4,79684e-14
  536           18,0763           18,0763       4,97245e-14
  537            17,718            17,718       5,07301e-14
  538           17,3668           17,3668       5,25743e-14
  539           17,0227           17,0227       5,38458e-14
  540           16,6855           16,6855       5,51468e-14
  541           16,3552           16,3552       5,66949e-14
  542           16,0317           16,0317       5,78389e-14
  543           15,7149           15,7149        5,9231e-14
  544           15,4047           15,4047        6,0539e-14
  545           15,1011           15,1011       6,17564e-14
  546           14,8038           14,8038       6,29966e-14
  547           14,5128           14,5128       6,41374e-14
  548            14,228            14,228       6,52964e-14
  549           13,9492           13,9492       6,64738e-14
  550           13,6765           13,6765       6,76696e-14
  551           13,4096           13,4096        6,8619e-14
  552           13,1485           13,1485       6,97116e-14
  553            12,893            12,893       7,08174e-14
  554            12,643            12,643       7,19365e-14
  555           12,3985           12,3985       7,29253e-14
  556           12,1593           12,1593       7,39216e-14
  557           11,9253           11,9253       7,47762e-14
  558           11,6965           11,6965       7,59356e-14
  559           11,4726           11,4726       7,66432e-14
  560           11,2536           11,2536       7,75031e-14
  561           11,0394           11,0394        7,8685e-14
  562             10,83             10,83       7,92229e-14
  563           10,6251           10,6251       8,00819e-14
  564           10,4247           10,4247       8,09398e-14
  565           10,2286           10,2286       8,16225e-14
  566           10,0369           10,0369       8,24737e-14
  567            9,8494            9,8494       8,33225e-14
  568           9,66599           9,66599       8,38009e-14
  569           9,48659           9,48659       8,48239e-14
  570           9,31111           9,31111       8,54686e-14
  571           9,13946           9,13946       8,62964e-14
  572           8,97156           8,97156       8,67234e-14
  573           8,80733           8,80733       8,73321e-14
  574           8,64666           8,64666       8,79277e-14
  575           8,48949           8,48949       8,85093e-14
  576           8,33574           8,33574       8,90764e-14
  577           8,18531           8,18531       8,96283e-14
  578           8,03814           8,03814       9,01643e-14
  579           7,89416           7,89416       9,05712e-14
  580           7,75327           7,75327       9,10714e-14
  581           7,61543           7,61543       9,16703e-14
  582           7,48054           7,48054       9,21359e-14
  583           7,34854           7,34854       9,27031e-14
  584           7,21937           7,21937       9,30085e-14
  585           7,09296           7,09296       9,34139e-14
  586           6,96924           6,96924       9,37978e-14
  587           6,84815           6,84815       9,41593e-14
  588           6,72963           6,72963       9,47618e-14
  589           6,61362           6,61362       9,50812e-14
  590           6,50005           6,50005        9,5376e-14
  591           6,38887           6,38887       9,55064e-14
  592           6,28003           6,28003       9,61717e-14
  593           6,17347           6,17347       9,62492e-14
  594           6,06913           6,06913       9,65868e-14
  595           5,96697           5,96697       9,70497e-14
  596           5,86693           5,86693       9,71907e-14
  597           5,76896           5,76896       9,74556e-14
  598           5,67301           5,67301       9,76948e-14
  599           5,57904           5,57904       9,79075e-14
  600             5,487             5,487       9,82549e-14
  601           5,39684           5,39684       9,85797e-14
  602           5,30853           5,30853       9,87139e-14
  603           5,22201           5,22201       9,88186e-14
  604           5,13725           5,13725       9,92389e-14
  605            5,0542            5,0542       9,92879e-14
  606           4,97282           4,97282       9,94838e-14
  607           4,89309           4,89309       9,98343e-14
  608           4,81495           4,81495       9,97943e-14
  609           4,73837           4,73837       1,00095e-13
  610           4,66332           4,66332       9,99918e-14
  611           4,58976           4,58976        1,0024e-13
  612           4,51765           4,51765       1,00464e-13
  613           4,44697           4,44697       1,00463e-13
  614           4,37767           4,37767       1,00835e-13
  615           4,30973           4,30973        1,0057e-13
  616           4,24313           4,24313       1,00893e-13
  617           4,17781           4,17781        1,0077e-13
  618           4,11377           4,11377       1,00827e-13
  619           4,05096           4,05096       1,00856e-13
  620           3,98936           3,98936       1,01077e-13
  621           3,92895           3,92895       1,01275e-13
  622           3,86969           3,86969       1,01219e-13
  623           3,81157           3,81157       1,01248e-13
  624           3,75455           3,75455       1,01248e-13
  625           3,69861           3,69861       1,01459e-13
  626           3,64372           3,64372       1,01402e-13
  627           3,58987           3,58987       1,01563e-13
  628           3,53703           3,53703       1,01448e-13
  629           3,48518           3,48518       1,01555e-13
  630            3,4343            3,4343       1,01508e-13
  631           3,38435           3,38435       1,01432e-13
  632           3,33534           3,33534       1,01458e-13
  633           3,28722           3,28722       1,01322e-13
  634           3,23999           3,23999       1,01428e-13
  635           3,19363           3,19363        1,0151e-13
  636           3,14811           3,14811       1,01426e-13
  637           3,10342           3,10342       1,01599e-13
  638           3,05954           3,05954       1,01459e-13
  639           3,01645           3,01645       1,01289e-13
  640           2,97414           2,97414       1,01536e-13
  641           2,93258           2,93258       1,01308e-13
  642           2,89177           2,89177        1,0151e-13
  643           2,85169           2,85169       1,01379e-13
  644           2,81231           2,81231        1,0122e-13
  645           2,77364           2,77364        1,0119e-13
  646           2,73564           2,73564       1,01297e-13
  647           2,69831           2,69831       1,01217e-13
  648           2,66164           2,66164       1,00943e-13
  649           2,62561           2,62561       1,01144e-13
  650            2,5902            2,5902       1,01155e-13
  651            2,5554            2,5554       1,00795e-13
  652           2,52121           2,52121       1,00929e-13
  653            2,4876            2,4876       1,00686e-13
  654           2,45457           2,45457       1,00774e-13
  655            2,4221            2,4221       1,00658e-13
  656           2,39019           2,39019       1,00702e-13
  657           2,35882           2,35882       1,00347e-13
  658           2,32797           2,32797       1,00341e-13
  659           2,29765           2,29765       1,00312e-13
  660           2,26784           2,26784        1,0026e-13
  661           2,23852           2,23852       1,00184e-13
  662            2,2097            2,2097       9,98836e-14
  663           2,18135           2,18135       9,99601e-14
  664           2,15347           2,15347       9,98106e-14
  665           2,12605           2,12605       9,98445e-14
  666           2,09908           2,09908       9,94347e-14
  667           2,07256           2,07256       9,98502e-14
  668           2,04647           2,04647       9,96043e-14
  669            2,0208            2,0208       9,93311e-14
  670           1,99555           1,99555       9,92528e-14
  671            1,9707            1,9707        9,9152e-14
  672           1,94626           1,94626       9,90282e-14
  673           1,92221           1,92221       9,91121e-14
  674           1,89854           1,89854       9,88271e-14
  675           1,87526           1,87526        9,8752e-14
  676           1,85234           1,85234       9,87751e-14
  677           1,82978           1,82978       9,84151e-14
  678           1,80758           1,80758       9,85183e-14
  679           1,78573           1,78573       9,84803e-14
  680           1,76422           1,76422       9,82965e-14
  681           1,74305           1,74305       9,82166e-14
  682           1,72221           1,72221       9,81159e-14
  683           1,70169           1,70169       9,79941e-14
  684           1,68149           1,68149       9,77189e-14
  685            1,6616            1,6616       9,75523e-14
  686           1,64201           1,64201        9,7634e-14
  687           1,62273           1,62273       9,72892e-14
  688           1,60374           1,60374       9,73336e-14
  689           1,58503           1,58503       9,70812e-14
  690           1,56662           1,56662       9,69469e-14
  691           1,54848           1,54848       9,67921e-14
  692           1,53061           1,53061       9,67614e-14
  693           1,51301           1,51301       9,67128e-14
  694           1,49567           1,49567       9,64976e-14
  695            1,4786            1,4786       9,62606e-14
  696           1,46177           1,46177       9,63051e-14
  697            1,4452            1,4452       9,61805e-14
  698           1,42887           1,42887       9,60364e-14
  699           1,41278           1,41278       9,58728e-14
  700           1,39693           1,39693       9,58481e-14
  701           1,38131           1,38131       9,54853e-14
  702           1,36591           1,36591       9,55861e-14
  703           1,35074           1,35074       9,53445e-14
  704           1,33579           1,33579        9,5248e-14
  705           1,32106           1,32106       9,49657e-14
  706           1,30653           1,30653       9,50016e-14
  707           1,29222           1,29222       9,45075e-14
  708           1,27811           1,27811       9,46822e-14
  709            1,2642            1,2642       9,44944e-14
  710           1,25049           1,25049       9,44651e-14
  711           1,23697           1,23697       9,42409e-14
  712           1,22365           1,22365       9,41785e-14
  713           1,21051           1,21051       9,41001e-14
  714           1,19755           1,19755       9,38201e-14
  715           1,18478           1,18478       9,37072e-14
  716           1,17218           1,17218       9,35775e-14
  717           1,15976           1,15976       9,36224e-14
  718           1,14751           1,14751       9,32672e-14
  719           1,13543           1,13543       9,32817e-14
  720           1,12352           1,12352        9,3085e-14
  721           1,11177           1,11177       9,30702e-14
  722           1,10018           1,10018       9,28396e-14
  723           1,08875           1,08875       9,25907e-14
  724           1,07748           1,07748       9,25293e-14
  725           1,06635           1,06635       9,22451e-14
  726           1,05538           1,05538       9,23626e-14
  727           1,04455           1,04455       9,20444e-14
  728           1,03387           1,03387       9,21361e-14
  729           1,02334           1,02334       9,15659e-14
  730           1,01294           1,01294       9,16289e-14
  731           1,00268           1,00268       9,16805e-14
  732          0,992561          0,992561       9,14969e-14
  733          0,982573          0,982573        9,1523e-14
  734          0,972716          0,972716       9,11949e-14
  735          0,962989          0,962989       9,10785e-14
  736           0,95339           0,95339       9,09475e-14
  737          0,943916          0,943916       9,08018e-14
  738          0,934565          0,934565       9,05223e-14
  739          0,925336          0,925336       9,07053e-14
  740          0,916226          0,916226       9,03955e-14
  741          0,907233          0,907233       9,03124e-14
  742          0,898357          0,898357       9,02161e-14
  743          0,889594          0,889594       8,99816e-14
  744          0,880943          0,880943       8,97309e-14
  745          0,872403          0,872403       8,98458e-14
  746          0,863972          0,863972       8,95661e-14
  747          0,855647          0,855647       8,93995e-14
  748          0,847427          0,847427       8,93495e-14
  749          0,839311          0,839311       8,94198e-14
  750          0,831297          0,831297       8,90799e-14
  751          0,823384          0,823384       8,88573e-14
  752          0,815569          0,815569       8,87558e-14
  753          0,807852          0,807852       8,85043e-14
  754          0,800231          0,800231        8,8376e-14
  755          0,792704          0,792704       8,85149e-14
  756           0,78527           0,78527       8,82218e-14
  757          0,777927          0,777927       8,80555e-14
  758          0,770675          0,770675       8,78757e-14
  759          0,763511          0,763511       8,79731e-14
  760          0,756435          0,756435       8,79154e-14
  761          0,749446          0,749446       8,75503e-14
  762          0,742541          0,742541       8,74673e-14
  763          0,735719          0,735719       8,73729e-14
  764           0,72898           0,72898       8,72668e-14
  765          0,722322          0,722322       8,68416e-14
  766          0,715744          0,715744       8,71743e-14
  767          0,709245          0,709245       8,68774e-14
  768          0,702824          0,702824       8,68814e-14
  769          0,696478          0,696478       8,67164e-14
  770          0,690209          0,690209       8,63782e-14
  771          0,684013          0,684013       8,63491e-14
  772           0,67789           0,67789       8,61463e-14
  773           0,67184           0,67184       8,59306e-14
  774          0,665861          0,665861       8,58686e-14
  775          0,659951          0,659951       8,57963e-14
  776          0,654111          0,654111       8,57137e-14
  777          0,648338          0,648338       8,54494e-14
  778          0,642633          0,642633        8,5517e-14
  779          0,636994          0,636994       8,52283e-14
  780           0,63142           0,63142       8,52774e-14
  781           0,62591           0,62591       8,49638e-14
  782          0,620463          0,620463        8,4815e-14
  783          0,615079          0,615079        8,4655e-14
  784          0,609756          0,609756       8,46657e-14
  785          0,604494          0,604494       8,44844e-14
  786          0,599291          0,599291       8,44767e-14
  787          0,594148          0,594148       8,42737e-14
  788          0,589063          0,589063       8,40589e-14
  789          0,584035          0,584035       8,40222e-14
  790          0,579063          0,579063       8,39766e-14
  791          0,574147          0,574147       8,39221e-14
  792          0,569287          0,569287       8,38586e-14
  793           0,56448           0,56448       8,37859e-14
  794          0,559727          0,559727       8,35057e-14
  795          0,555027          0,555027       8,34127e-14
  796          0,550378          0,550378       8,31086e-14
  797          0,545781          0,545781        8,2995e-14
  798          0,541235          0,541235       8,30767e-14
  799          0,536738          0,536738       8,27385e-14
  800          0,532291          0,532291       8,25955e-14
Minimization = 1,65945e-22
